7.044783830478137943e-02
6.173401994502450418e-02
8.768640849512307489e-02
1.010029520351002075e-01
2.107215984869725278e-01
9.882506118819109342e-02
6.510820915014086108e-01
9.923475036269162330e-02
1.296578580495961475e-01
6.727521487439183656e-02
9.059756221563047829e-02
8.448640726118761268e-02
8.494089689689887646e-02
1.676441695376295060e-01
8.280649429576268650e-02
7.084046842939727140e-02
7.348536656125330691e-01
3.149193252769281193e-01
4.372228883374312813e-01
4.655581603100257260e-01
